1 1 1 1 1 1 1 1 1 1 1 1 1 1 1 1 1 1 1 1 1 1 1 1 
1 0 0 0 0 0 0 0 0 0 0 0 0 0 0 0 0 0 0 0 0 0 0 1 
1 0 0 Z Z Z L L L O 0 0 S S S I I I T T T 0 0 1 
1 0 0 Z 0 0 L 0 0 O 0 0 S 0 0 I 0 0 0 T 0 0 0 1 
1 0 0 Z Z Z L L L O 0 0 S S S I 0 0 0 T 0 0 0 1 
1 0 0 0 0 Z L 0 0 O 0 0 S 0 0 I 0 0 0 T 0 0 0 1 
1 0 0 Z Z Z L L L O O O S S S I I I 0 T 0 0 0 1 
1 0 0 0 0 0 0 0 0 0 0 0 0 0 0 0 0 0 0 0 0 0 0 1 
1 0 0 0 0 Z Z 0 Z Z O O O I I 0 T T T 0 0 0 0 1 
1 0 0 0 0 Z 0 Z 0 Z O 0 O I 0 I T 0 0 0 0 0 0 1 
1 0 0 0 0 Z 0 Z 0 Z O 0 O I 0 I T T T 0 0 0 0 1 
1 0 0 0 0 Z 0 0 0 Z O 0 O I 0 I T 0 0 0 0 0 0 1 
1 0 0 0 0 Z 0 0 0 Z O O O I I 0 T T T 0 0 0 0 1 
1 0 0 0 0 0 0 0 0 0 0 0 0 0 0 0 0 0 0 0 0 0 0 1 
1 0 0 0 0 0 0 0 0 0 0 0 0 0 0 0 0 0 0 0 0 0 0 1 
1 0 0 0 0 0 0 0 0 0 0 g 0 0 0 0 0 0 0 0 0 0 0 1 
1 0 0 0 0 0 0 0 0 0 0 0 0 0 0 0 0 0 0 0 0 0 0 1 
1 0 0 0 0 0 0 0 0 0 e 0 0 0 0 0 0 0 0 0 0 0 0 1 
1 0 0 0 0 0 0 0 0 0 0 0 0 0 0 0 0 0 0 0 0 0 0 1 
1 0 0 0 0 0 0 0 0 0 f 0 0 0 0 0 0 0 0 0 0 0 0 1 
1 0 0 0 0 0 0 0 0 0 0 0 0 0 0 0 0 0 0 0 0 0 0 1 
1 0 0 0 0 0 0 0 d 0 0 0 0 0 0 0 0 0 0 0 0 0 0 1 
1 0 0 0 0 0 0 0 0 0 0 0 0 0 0 0 0 0 0 0 0 0 0 1 
1 1 1 1 1 1 1 1 1 1 1 1 1 1 1 1 1 1 1 1 1 1 1 1 